0	0	149
1	0	150
2	1	152
3	1	153
4	2	21
5	3	2
6	4	147
7	5	19
8	6	5
9	7	49
10	8	50
11	9	155
12	10	155
13	11	51
14	12	162
15	13	162
16	14	163
17	15	164
18	16	165
19	17	30
20	17	32
21	17	166
22	17	167
23	19	36
24	19	56
25	21	37
26	30	167
27	32	35
28	35	41
29	35	42
30	35	43
31	36	44
32	37	157
33	37	158
34	41	48
35	42	30
36	42	166
37	43	52
38	44	53
39	48	167
40	49	63
41	50	64
42	51	65
43	52	30
44	52	32
45	52	166
46	52	167
47	56	59
48	56	60
49	59	61
50	59	62
51	60	66
52	61	69
53	62	60
54	63	67
55	63	68
56	63	70
57	64	71
58	64	72
59	64	73
60	65	74
61	66	75
62	67	78
63	67	91
64	68	80
65	68	92
66	69	60
67	70	76
68	71	79
69	71	93
70	72	79
71	72	94
72	73	77
73	73	154
74	74	96
75	75	82
76	76	83
77	77	86
78	78	87
79	79	84
80	80	85
81	82	89
82	83	78
83	83	97
84	89	90
85	90	103
86	91	148
87	92	99
88	93	100
89	94	151
90	96	102
91	97	156
92	99	37
93	100	37
94	102	111
95	103	105
96	103	106
97	105	108
98	106	109
99	108	109
100	109	37
101	111	112
102	112	115
103	115	116
104	116	117
105	117	118
106	118	121
107	121	122
108	122	125
109	125	126
110	125	127
111	125	159
112	126	128
113	127	129
114	128	130
115	128	160
116	129	131
117	130	132
118	131	136
119	132	161
120	136	137
121	137	141
122	141	142
123	142	143
124	143	146
125	146	128
